45 87.66 37.39 14.03 56 186 192
54 91.63 39.2 12.88 44 168 172
57 73.37 39.41 12.63 58 174 176
44 81.42 39.44 13.08 63 174 176
51 69.63 40.84 10.95 57 168 172
44 89.47 44.61 11.37 62 178 182
45 66.45 44.75 11.12 51 176 176
47 77.45 44.81 11.63 58 176 176
51 67.25 45.12 11.08 48 172 172
40 75.07 45.31 10.07 62 185 185
52 76.32 45.44 9.63 48 164 166
40 75.98 45.68 11.95 70 176 180
51 73.71 45.79 10.47 59 186 188
54 79.38 46.08 11.17 62 156 165
51 77.91 46.67 10 48 162 168
48 91.63 46.77 10.25 48 162 164
47 79.15 47.27 10.6 47 162 164
52 82.78 47.47 10.5 53 170 172
48 61.24 47.92 11.5 52 170 176
49 76.32 48.67 9.4 56 186 188
43 81.19 49.09 10.85 64 162 170
49 81.42 49.16 8.95 44 180 185
38 89.02 49.87 9.22 55 178 180
49 73.37 50.39 10.08 67 168 168
44 73.03 50.54 10.13 45 168 168
57 59.08 50.55 9.93 49 148 155
54 83.12 51.85 10.33 50 166 170
44 85.84 54.3 8.65 45 156 168
50 70.87 54.62 8.92 48 146 155
42 68.15 59.57 8.17 40 166 172
38 81.87 60.05 8.63 48 170 186
